image: autosave_20250824_123012.pgm
resolution: 0.050000001
origin: [-27.407752743, -13.765218978, 0.000000000]
negate: 0
occupied_thresh: 0.650
free_thresh: 0.196
