image: my_map2.pgm
resolution: 0.050000001
origin: [-27.784201461, -13.715015370, 0.000000000]
negate: 0
occupied_thresh: 0.650
free_thresh: 0.196
